 5.61074 0.00000  0.00000
 0.00000  5.61074  0.00000
 0.00000  0.00000 22.09738
 1 0 0
 0 1 0
 0 0 1
  0.0000000000000000  0.0000000000000000  0.0000000000000000 Al
  0.0000000000000000  0.0000000000000000  0.5000000000000000 Al
  0.0000000000000000  0.0000000000000000  0.2500000000000000 Al
  0.0000000000000000  0.0000000000000000  0.7500000000000000 Al
  0.3333333300000021  0.6666666610000007  0.0279754089117574 Al
  0.6666666530000001  0.3333333060000001  0.9720246510882475 Al
  0.6666666530000001  0.3333333060000001  0.5279753919117525 Al
  0.3333333300000021  0.6666666610000007  0.4720245640882439 Al
  0.3333333300000021  0.6666666610000007  0.1909920494449793 Al,Ti
  0.6666666530000001  0.3333333060000001  0.8090079945550244 Al,Ti
  0.6666666530000001  0.3333333060000001  0.6909920494449722 Al,Ti
  0.3333333300000021  0.6666666610000007  0.3090079505550207 Al,Ti
  0.1683622525597386  0.3367198257874122  0.8905159956892490 Al
  0.8316377624402591  0.6632801402125850  0.1094839493107500 Al
  0.6632801182125903  0.8316423987723169  0.8905159956892490 Al
  0.3367198287874089  0.1683575792276812  0.1094839493107500 Al
  0.1683575642276836  0.8316377074402581  0.8905159956892490 Al
  0.8316424837723204  0.1683622595597356  0.1094839493107500 Al
  0.8316377624402591  0.6632801402125850  0.3905160396892526 Al
  0.1683622525597386  0.3367198257874122  0.6094839603107474 Al
  0.3367198287874089  0.1683575792276812  0.3905160396892526 Al
  0.6632801182125903  0.8316423987723169  0.6094839603107474 Al
  0.8316424837723204  0.1683622595597356  0.3905160396892526 Al
  0.1683575642276836  0.8316377074402581  0.6094839603107474 Al
  0.6666666650000010  0.3333333300000021  0.2500000000000000 Ca
  0.3333333060000001  0.6666666109999966  0.7500000430000000 Ca
  0.0000000000000000  0.0000000000000000  0.8502052162172404 O
  0.0000000000000000  0.0000000000000000  0.1497947727827622 O
  0.0000000000000000  0.0000000000000000  0.3502052162172404 O
  0.0000000000000000  0.0000000000000000  0.6497947837827596 O
  0.6666666650000010  0.3333333300000021  0.0546998279539608 O
  0.3333333060000001  0.6666666109999966  0.9453002050460384 O
  0.3333333060000001  0.6666666109999966  0.5546998389539652 O
  0.6666666650000010  0.3333333300000021  0.4453001610460348 O
  0.1815672602703842  0.3631628221517147  0.2500000000000000 O
  0.8184327257296218  0.6368371938482866  0.7500000430000000 O
  0.6368371998482871  0.8184043951186695  0.2500000000000000 O
  0.3631628351517122  0.1815955468813328  0.7500000430000000 O
  0.1815955268813312  0.8184327157296210  0.2500000000000000 O
  0.8184043771186680  0.1815672632703809  0.7500000430000000 O
  0.1551441891829839  0.3102901388040422  0.0522313224401785 O
  0.8448557688170197  0.6897097781959687  0.9477686665598242 O
  0.6897098111959608  0.8448539923789369  0.0522313224401785 O
  0.3102901388040422  0.1551459486210618  0.9477686665598242 O
  0.1551459416210577  0.8448557518170148  0.0522313224401785 O
  0.8448540723789435  0.1551441891829839  0.9477686665598242 O
  0.8448557688170197  0.6897097781959687  0.5522313334401758 O
  0.1551441891829839  0.3102901388040422  0.4477686665598242 O
  0.3102901388040422  0.1551459486210618  0.5522313334401758 O
  0.6897098111959608  0.8448539923789369  0.4477686665598242 O
  0.8448540723789435  0.1551441891829839  0.5522313334401758 O
  0.1551459416210577  0.8448557518170148  0.4477686665598242 O
  0.5034340708922755  0.0068627609013490  0.1494485139081903 O
  0.4965658901077248  0.9931371620986553  0.8505514650918116 O
  0.9931371940986509  0.4965712819909243  0.1494485139081903 O
  0.0068627469013478  0.5034286840090800  0.8505514650918116 O
  0.5034287000090742  0.4965659291077245  0.1494485139081903 O
  0.4965712829909208  0.5034340368922798  0.8505514650918116 O
  0.4965658901077248  0.9931371620986553  0.6494485349081884 O
  0.5034340708922755  0.0068627609013490  0.3505514860918097 O
  0.0068627469013478  0.5034286840090800  0.6494485349081884 O
  0.9931371940986509  0.4965712819909243  0.3505514860918097 O
  0.4965712829909208  0.5034340368922798  0.6494485349081884 O
  0.5034287000090742  0.4965659291077245  0.3505514860918097 O
